,Date,symbol,support,sup_li,resistance,res_li,prev_day_close,atr
0,2016-05-18,JNJ,113.56,12.0,0.0,0.0,113.84,1.09
1,2016-05-18,T,38.82,21.0,0.0,0.0,39.12,0.44
2,2016-05-18,WMT,60.58,10.0,66.81,5.0,65.1,1.33
3,2016-05-18,JPM,60.15,15.0,61.92,8.0,61.66,1.1
4,2016-05-18,PFE,31.99,5.0,33.11,13.0,33.03,0.51
5,2016-05-18,CVX,99.85,15.0,0.0,0.0,100.75,1.83
6,2016-05-18,ORCL,38.93,5.0,39.77,12.0,39.6,0.57
7,2016-05-18,DIS,99.5,10.0,101.97,11.0,99.95,1.83
8,2016-05-18,MRK,53.65,6.0,54.39,12.0,54.32,0.8
9,2016-05-18,INTC,29.44,6.0,30.89,12.0,29.98,0.55
10,2016-05-18,IBM,139.51,5.0,148.33,10.0,148.0,2.54
11,2016-05-18,BAC,12.84,6.0,14.06,21.0,14.01,0.36
12,2016-05-18,UNH,118.71,7.0,130.02,15.0,129.56,2.12
13,2016-05-18,C,42.71,9.0,44.63,15.0,43.71,1.07
14,2016-05-18,MDT,77.64,11.0,0.0,0.0,80.81,1.07
15,2016-05-18,CVS,100.67,9.0,103.5,10.0,102.12,1.68
16,2016-05-18,MA,95.31,22.0,98.65,15.0,95.6,1.31
17,2016-05-18,MMM,166.16,5.0,168.85,15.0,167.81,1.93
18,2016-05-18,SLB,71.63,11.0,75.07,17.0,74.88,1.88
19,2016-05-18,UTX,97.53,5.0,100.88,18.0,100.06,1.73
20,2016-05-18,LLY,75.95,11.0,83.33,5.0,76.39,1.71
21,2016-05-18,BA,132.53,18.0,136.64,6.0,132.56,2.49
22,2016-05-18,QCOM,51.77,10.0,0.0,0.0,52.0,0.98
23,2016-05-18,RAI,49.94,14.0,0.0,0.0,50.32,0.88
24,2016-05-18,UNP,81.71,6.0,84.33,11.0,82.2,1.89
25,2016-05-18,GS,150.59,10.0,159.27,20.0,154.65,3.47
26,2016-05-18,ACN,115.09,14.0,0.0,0.0,116.23,1.65
27,2016-05-18,AIG,55.15,17.0,56.45,8.0,55.41,0.87
28,2016-05-18,DHR,97.47,10.0,0.0,0.0,98.45,1.17
29,2016-05-18,CL,68.54,5.0,70.98,16.0,70.85,0.97
30,2016-05-18,BIIB,259.98,5.0,266.83,15.0,263.52,6.44
31,2016-05-18,TXN,57.26,15.0,58.42,12.0,57.43,1.02
32,2016-05-18,TWX,69.05,5.0,73.23,16.0,72.82,1.49
33,2016-05-18,DD,60.53,5.0,64.66,27.0,64.53,1.23
34,2016-05-18,DUK,76.38,5.0,80.06,16.0,79.52,1.25
35,2016-05-18,FOXA,27.06,9.0,29.64,13.0,28.7,0.58
36,2016-05-18,BLK,344.03,11.0,352.88,6.0,348.83,6.57
37,2016-05-18,TJX,75.49,13.0,76.72,6.0,75.59,1.82
38,2016-05-18,KMB,125.85,5.0,129.93,18.0,126.42,2.1
39,2016-05-18,MS,25.86,26.0,0.0,0.0,26.16,0.66
40,2016-05-18,ESRX,66.75,8.0,73.27,17.0,72.23,1.36
41,2016-05-18,CRM,75.29,28.0,79.09,5.0,76.77,1.41
42,2016-05-18,SO,47.88,5.0,49.74,25.0,49.09,0.81
43,2016-05-18,PYPL,34.43,6.0,39.55,19.0,39.07,0.85
44,2016-05-18,MET,42.07,13.0,44.36,19.0,43.3,0.95
45,2016-05-18,ADBE,95.43,13.0,0.0,0.0,95.93,1.7
46,2016-05-18,D,68.73,9.0,71.8,14.0,71.09,1.12
47,2016-05-18,GD,136.73,30.0,0.0,0.0,145.0,2.16
48,2016-05-18,PNC,84.48,5.0,86.49,22.0,85.24,1.59
49,2016-05-18,REGN,382.06,10.0,400.98,13.0,386.39,14.57
50,2016-05-18,COP,38.92,6.0,43.94,15.0,43.78,1.58
51,2016-05-18,KMI,17.27,30.0,19.13,8.0,17.68,0.57
52,2016-05-18,ADP,82.23,14.0,87.27,21.0,85.35,1.35
53,2016-05-18,BK,38.25,8.0,40.07,14.0,39.85,0.76
54,2016-05-18,AET,107.32,5.0,111.21,20.0,110.2,2.44
55,2016-05-18,SYK,110.01,14.0,0.0,0.0,110.14,1.64
56,2016-05-18,AMT,103.96,17.0,106.91,5.0,105.37,1.46
57,2016-05-18,EOG,78.83,16.0,0.0,0.0,81.57,2.52
58,2016-05-18,CCL,49.62,27.0,0.0,0.0,49.93,1.0
59,2016-05-18,RTN,127.98,12.0,0.0,0.0,129.84,1.98
60,2016-05-18,MCK,169.0,20.0,0.0,0.0,173.51,4.63
61,2016-05-18,ITW,93.91,7.0,104.35,19.0,103.84,1.47
62,2016-05-18,EL,89.62,5.0,94.56,25.0,92.02,1.64
63,2016-05-18,TRV,107.43,6.0,112.02,10.0,110.42,1.48
64,2016-05-18,CME,93.88,19.0,0.0,0.0,94.45,1.37
65,2016-05-18,AEP,59.48,7.0,64.61,20.0,64.52,1.13
66,2016-05-18,MMC,63.66,11.0,0.0,0.0,64.05,0.79
67,2016-05-18,PRU,74.2,12.0,76.55,9.0,75.92,1.53
68,2016-05-18,YHOO,36.93,13.0,0.0,0.0,37.28,0.75
69,2016-05-18,PX,105.25,5.0,114.88,19.0,112.28,1.78
70,2016-05-18,CCI,88.22,10.0,0.0,0.0,90.13,1.17
71,2016-05-18,APD,142.59,11.0,145.64,5.0,142.89,2.31
72,2016-05-18,LUV,41.84,5.0,43.84,26.0,42.21,1.15
73,2016-05-18,INTU,102.01,11.0,0.0,0.0,102.16,1.7
74,2016-05-18,AON,105.02,16.0,0.0,0.0,105.73,1.28
75,2016-05-18,TSN,53.76,7.0,67.02,21.0,66.5,1.47
76,2016-05-18,K,74.95,5.0,76.3,16.0,75.42,1.18
77,2016-05-18,HUM,167.82,8.0,173.64,12.0,170.81,4.2
78,2016-05-18,AFL,65.85,7.0,68.79,14.0,68.45,0.84
79,2016-05-18,ALL,66.65,25.0,0.0,0.0,67.1,0.93
80,2016-05-18,SHW,261.44,5.0,293.49,10.0,292.68,4.76
81,2016-05-18,HPE,15.73,20.0,16.95,8.0,15.82,0.42
82,2016-05-18,JCI,40.97,11.0,0.0,0.0,42.5,0.81
83,2016-05-18,SYF,27.52,7.0,29.49,19.0,29.27,0.71
84,2016-05-18,EIX,60.36,8.0,71.42,10.0,70.12,1.17
85,2016-05-18,NSC,84.41,9.0,87.17,11.0,85.87,2.2
86,2016-05-18,BAX,38.07,30.0,45.7,7.0,44.6,0.89
87,2016-05-18,ZTS,43.1,5.0,46.98,12.0,46.5,0.95
88,2016-05-18,ED,69.84,6.0,73.92,14.0,72.28,1.49
89,2016-05-18,VRTX,78.93,6.0,84.39,21.0,80.71,3.36
90,2016-05-18,ADM,35.27,5.0,37.97,11.0,37.5,0.84
91,2016-05-18,XEL,40.26,15.0,41.47,6.0,40.87,0.67
92,2016-05-18,GLW,19.08,23.0,0.0,0.0,19.12,0.4
93,2016-05-18,EA,66.36,12.0,0.0,0.0,75.14,2.3
94,2016-05-18,DFS,52.19,13.0,54.78,12.0,53.75,0.95
95,2016-05-18,ZBH,116.02,15.0,0.0,0.0,118.5,1.84
96,2016-05-18,CPB,62.74,12.0,64.24,7.0,63.82,1.05
97,2016-05-18,SE,30.98,12.0,0.0,0.0,31.35,0.69
98,2016-05-18,APC,49.21,18.0,0.0,0.0,49.75,2.19
99,2016-05-18,BHI,45.23,10.0,0.0,0.0,46.8,1.73
100,2016-05-18,PCAR,55.17,9.0,56.99,10.0,56.41,1.34
101,2016-05-18,ES,53.73,5.0,56.8,15.0,55.82,0.98
102,2016-05-18,BXP,127.19,11.0,130.51,15.0,130.39,1.85
103,2016-05-18,MCO,92.94,8.0,95.58,17.0,93.7,1.81
104,2016-05-18,LVLT,50.93,10.0,52.46,15.0,51.77,1.12
105,2016-05-18,MAR,65.33,5.0,68.15,11.0,67.27,1.54
106,2016-05-18,TROW,73.25,10.0,74.29,5.0,74.09,1.27
107,2016-05-18,HIG,43.24,5.0,44.54,19.0,43.75,0.69
108,2016-05-18,CMI,110.63,6.0,114.53,10.0,114.28,2.76
109,2016-05-18,VNO,93.86,12.0,96.03,12.0,95.66,1.79
110,2016-05-18,APH,49.9,5.0,56.37,23.0,55.42,0.82
111,2016-05-18,RCL,73.65,6.0,77.82,22.0,76.06,2.09
112,2016-05-18,EXPE,110.99,15.0,116.41,5.0,111.63,2.59
113,2016-05-18,DISCA,26.61,7.0,27.76,19.0,27.46,0.87
114,2016-05-18,DISCK,26.15,9.0,27.28,17.0,26.46,0.77
115,2016-05-18,SJM,124.76,6.0,128.92,21.0,127.74,1.88
116,2016-05-18,O,62.29,24.0,0.0,0.0,62.5,1.28
117,2016-05-18,TYC,38.32,10.0,0.0,0.0,40.12,0.9
118,2016-05-18,IR,48.75,6.0,65.65,18.0,65.63,1.13
119,2016-05-18,SWK,110.65,17.0,0.0,0.0,113.5,1.58
120,2016-05-18,FE,32.71,10.0,33.77,8.0,32.98,0.71
121,2016-05-18,SNDK,75.57,26.0,76.71,12.0,76.19,0.53
122,2016-05-18,HSIC,170.34,15.0,0.0,0.0,170.56,3.05
123,2016-05-18,HCP,33.13,5.0,34.63,22.0,33.59,0.99
124,2016-05-18,ESS,219.28,7.0,228.16,12.0,224.28,4.51
125,2016-05-18,DVA,74.22,10.0,0.0,0.0,76.77,1.26
126,2016-05-18,NTRS,67.94,5.0,69.95,13.0,68.94,1.48
127,2016-05-18,ETR,75.73,12.0,0.0,0.0,75.82,1.13
128,2016-05-18,ADS,207.9,19.0,219.73,7.0,210.84,4.69
129,2016-05-18,NUE,40.64,5.0,48.15,15.0,46.57,1.22
130,2016-05-18,MHK,187.61,7.0,194.07,15.0,193.5,3.64
131,2016-05-18,L,39.66,11.0,0.0,0.0,39.68,0.55
132,2016-05-18,A,42.17,12.0,0.0,0.0,44.41,0.87
133,2016-05-18,WMB,19.45,25.0,0.0,0.0,21.51,1.2
134,2016-05-18,FITB,16.75,5.0,17.53,13.0,17.48,0.47
135,2016-05-18,CHD,94.37,13.0,97.46,5.0,95.59,1.41
136,2016-05-18,AEE,45.22,5.0,48.05,12.0,47.32,0.85
137,2016-05-18,HST,15.25,7.0,15.89,10.0,15.49,0.41
138,2016-05-18,TSCO,88.5,45.0,0.0,0.0,91.92,1.99
139,2016-05-18,CMS,39.36,5.0,40.99,13.0,40.92,0.71
140,2016-05-18,LH,124.74,10.0,126.87,7.0,126.2,2.08
141,2016-05-18,BBY,31.24,9.0,32.26,16.0,31.89,0.92
142,2016-05-18,PFG,41.81,21.0,43.98,5.0,42.09,0.89
143,2016-05-18,NDAQ,58.84,6.0,63.56,13.0,62.53,1.08
144,2016-05-18,CXO,113.61,11.0,0.0,0.0,118.84,3.7
145,2016-05-18,LLTC,44.3,20.0,0.0,0.0,44.32,0.85
146,2016-05-18,EXR,91.24,10.0,0.0,0.0,92.09,1.99
147,2016-05-18,NOV,32.11,12.0,34.64,8.0,32.82,1.51
148,2016-05-18,WAT,134.33,12.0,0.0,0.0,134.5,2.34
149,2016-05-18,AKAM,50.89,12.0,52.04,5.0,50.98,1.4
150,2016-05-18,JNPR,22.38,6.0,23.02,10.0,22.6,0.49
151,2016-05-18,EMN,74.71,21.0,0.0,0.0,75.21,1.76
152,2016-05-18,DGX,75.61,13.0,0.0,0.0,76.17,1.1
153,2016-05-18,SCG,66.0,5.0,69.81,12.0,68.81,1.18
154,2016-05-18,HAS,78.99,5.0,84.87,15.0,84.63,1.43
155,2016-05-18,BLL,67.54,7.0,71.83,17.0,71.71,1.25
156,2016-05-18,DOV,65.81,13.0,0.0,0.0,66.63,1.44
157,2016-05-18,WU,18.45,5.0,19.3,14.0,19.05,0.34
158,2016-05-18,CTAS,90.58,12.0,0.0,0.0,91.27,0.83
159,2016-05-18,SEE,46.29,6.0,48.05,11.0,46.89,1.17
160,2016-05-18,KMX,42.29,6.0,51.02,18.0,50.82,1.32
161,2016-05-18,TRIP,63.56,39.0,84.07,5.0,65.8,2.2
162,2016-05-18,SLG,96.28,9.0,105.14,17.0,101.05,2.19
163,2016-05-18,CVC,33.98,26.0,0.0,0.0,34.39,0.26
164,2016-05-18,LNC,42.41,12.0,48.65,5.0,43.28,1.25
165,2016-05-18,KSU,88.74,20.0,0.0,0.0,90.17,2.63
166,2016-05-18,MCHP,44.77,5.0,47.84,13.0,47.78,0.98
167,2016-05-18,JBHT,79.51,5.0,82.5,11.0,81.35,1.98
168,2016-05-18,IPG,23.61,10.0,0.0,0.0,23.63,0.34
169,2016-05-18,DVN,32.96,15.0,0.0,0.0,34.64,1.94
170,2016-05-18,EQT,68.89,19.0,0.0,0.0,71.96,2.15
171,2016-05-18,XRAY,59.94,16.0,61.21,8.0,60.71,1.18
172,2016-05-18,IFF,121.11,19.0,0.0,0.0,127.5,2.16
173,2016-05-18,SNA,160.54,16.0,0.0,0.0,164.04,2.51
174,2016-05-18,CNP,21.12,13.0,0.0,0.0,22.0,0.37
175,2016-05-18,WYNN,90.2,18.0,95.42,7.0,91.24,3.47
176,2016-05-18,GAS,64.95,16.0,65.71,13.0,65.59,0.33
177,2016-05-18,WLTW,120.95,26.0,0.0,0.0,123.42,2.62
178,2016-05-18,GRMN,39.18,7.0,40.57,10.0,40.07,0.83
179,2016-05-18,VAR,82.09,15.0,0.0,0.0,83.59,1.22
180,2016-05-18,SNI,64.33,19.0,0.0,0.0,64.49,1.6
181,2016-05-18,NTAP,22.93,8.0,24.62,15.0,23.59,0.57
182,2016-05-18,AMG,161.95,5.0,165.4,12.0,162.51,4.47
183,2016-05-18,UNM,33.78,11.0,0.0,0.0,34.3,0.68
184,2016-05-18,ETFC,25.01,26.0,29.89,5.0,25.18,0.71
185,2016-05-18,AES,10.98,5.0,11.22,11.0,11.02,0.25
186,2016-05-18,XYL,42.49,12.0,0.0,0.0,43.48,0.64
187,2016-05-18,FFIV,100.4,13.0,104.58,6.0,103.84,2.37
188,2016-05-18,TE,27.43,10.0,27.58,19.0,27.5,0.09
189,2016-05-18,TMK,58.09,11.0,59.41,5.0,58.44,0.82
190,2016-05-18,IRM,34.09,6.0,38.09,12.0,37.71,0.66
191,2016-05-18,AVY,72.94,13.0,0.0,0.0,75.32,1.33
192,2016-05-18,ALLE,65.72,28.0,0.0,0.0,66.84,1.15
193,2016-05-18,LEG,48.14,21.0,0.0,0.0,48.55,0.76
194,2016-05-18,PHM,18.14,21.0,18.68,5.0,18.18,0.4
195,2016-05-18,CMA,42.65,13.0,0.0,0.0,43.16,1.24
196,2016-05-18,AN,43.89,6.0,47.7,13.0,46.96,1.27
197,2016-05-18,FTI,28.28,17.0,0.0,0.0,29.31,1.06
198,2016-05-18,FLS,45.87,21.0,0.0,0.0,45.89,1.15
199,2016-05-18,MRO,12.59,14.0,0.0,0.0,12.86,0.79
200,2016-05-18,AIZ,82.13,13.0,0.0,0.0,86.32,1.36
201,2016-05-18,URI,61.79,10.0,0.0,0.0,64.28,2.6
202,2016-05-18,ZION,25.42,8.0,26.43,10.0,26.21,0.76
203,2016-05-18,NFX,34.36,11.0,0.0,0.0,39.43,1.6
204,2016-05-18,NAVI,12.54,15.0,0.0,0.0,12.59,0.42
205,2016-05-18,TDC,25.88,5.0,26.55,15.0,26.15,0.96
206,2016-05-18,ESV,10.72,11.0,16.4,6.0,10.78,0.73
207,2016-05-18,CNX,14.1,10.0,0.0,0.0,14.48,1.06
208,2016-05-18,STZ,154.52,6.0,159.56,12.0,158.15,2.66
